# U/V  I/A
# erste Zeile ist Heizspannung und Strom
  4  2.1    4.5  2.2    5  2.3     5  2.4     6  2.6
 10  .036   10  .048    5  .022    5  .022    5  .028
 20  .086   11  .058   10  .056   10  .059   10  .068
 30  .115   13  .070   15  .094   15  .101   15  .115
 40  .123   15  .088   20  .140   20  .150   20  .165
 50  .128   20  .126   30  .236   30  .263   30  .282
 60  .132   25  .162   40  .282   40  .325   40  .367
 70  .139   30  .177   50  .342   50  .403   50  .468
 80  .143   35  .203   60  .417   60  .503   60  .605
 90  .146   45  .256   70  .511   70  .605   70  .732
100  .149   55  .288   80  .569   80  .728   80  .842
110  .151   65  .309   90  .611   90  .800   90  .944
120  .154   75  .322  100  .641  100  .881  100  1.046
130  .155   85  .332  110  .678  110  .955  110  1.137
140  .158  100  .344  120  .702  120  1.036 120  1.258
150  .159  110  .346  130  .720  140  1.182 130  1.377
160  .160  120  .354  150  .746  160  1.300 140  1.495
180  .163  130  .361  170  .760  180  1.391 150  1.642
200  .166  140  .367  200  .775  200  1.459 160  1.799
225  .169  150  .372  230  .787  220  1.501 170  1.941
250  .171  160  .376  260  .797  240  1.524 190  2.22
  0     0  170  .379    0     0  260  1.537 210  2.52
  0     0  180  .381    0     0    0      0 230  2.86
  0     0  200  .387    0     0    0      0 240  3.02
  0     0  220  .392    0     0    0      0   0     0
  0     0  240  .396    0     0    0      0   0     0
  0     0  260  .400    0     0    0      0   0     0
