         0          56470     2387 
        50          56043     2351 
       100          55866     2215 
       150          55289     1991 
       200          55408     1943 
       250          54734     1910 
       300          54163     1792 
       350          54241     1704 
       400          53700     1587 
       450          52655     1536 
       500          52026     1455 
       550          51193     1295 
       600          50007     1135 
       650          49086      935 
       700          46759      847 
       750          39518      543 
       800          24424      323 
       850           7054      311 
       900            323      304 
       950             59      306 
      1000             29      312


