4607
4376
4587
4278
4536
4706
4530
4657
4266
4292
4707
4490
4847
4557
4641
4500
4473
4628
4474
4294
4496
4796
4719
4415
4498
4779
4595
4252
4437
4640
4647
4660
4653
4422
4588
4823
4409
4783
4762
4466
4587
4288
4658
4580
4610
4523
4584
4377
4542
4549
4690
4781
4461
4534
4721
4394
4307
4648
4707
4449
4488
4732
4631
4520
4431
4717
4669
4438
4455
4304
4503
4479
4817
4374
4795
4340
4491
4682
4593
4715
4652
4467
4401
4372
4634
4405
4551
4788
4361
4658
4466
4582
4153
4635
4809
4830
4449
4830
4486
4643

